
DonachieDataDivisions=[2.70097984423526, 21.667949638252523, 737, 7999271.351424681;...
4.190032142742886, 16.766447261721723, 1489, 39588220.365345865;...
5.759529872519181, 11.54670886500504, 1072, 24972643.10447762;...
3.332018459650698, 15.135284337582362, 38, 230.44736842105274;...
3.333915266023474, 12.205405358559478, 41, 265.560975609756;...
3.338146323300402, 10.533595423388128, 44, 312.4318181818181;...
3.7201491778630342, 13.868569526944718, 87, 1572.5287356321824;...
3.766004693771569, 15.586392536987027, 40, 267.34999999999974;...
3.7641280155029295, 14.332788745159199, 46, 339.15217391304367;...
4.175420857599402, 15.601787811285774, 40, 259.675;...
5.005059772756056, 21.0333884628225, 41, 277.9024390243901;...
5.017552010261909, 19.300903698837054, 40, 261.14999999999986;...
4.9997075412633105, 10.48421382206056, 40, 255.49999999999997;...
8.322386028829214, 21.870776561123943, 1017, 18836457.526056904;...
5.436772601107039, 23.158741903735645, 35, 197.8285714285715;...
5.435085622759853, 22.74467086080095, 35, 194.742857142857;...
5.436986620469339, 21.017857930234044, 36, 208.63888888888897;...
5.8524580810499565, 22.72914646640522, 36, 209.88888888888897;...
5.843879003130498, 12.582925603021113, 38, 229.5;...
6.275540386915333, 26.0332221191603, 35, 198.9714285714286;...
6.692916417049137, 26.059671950880396, 37, 217.945945945946;...
8.365292697157065, 17.186656519143014, 38, 232.13157894736813;...
9.412744563276235, 18.860275353886728, 10, 77.99999999999999;...
9.521859923014848, 19.079784698509528, 4, 7;...
9.630975282753464, 19.299294043132324, 10, 77.99999999999999;...
9.739543892966639, 19.506359148915045, 3, 1.3333333333333335;...
9.871236745789028, 19.773623643074316, 17, 325.529411764706;...
10.002924003761223, 20.522493969951924, 72, 2778.527777777777;...
9.990940620103117, 17.595113667421828, 191, 145997.73821989525;...
9.997192142541065, 9.914848590635138, 467, 1937744.2483939996;...
3.764464783868346, 7.491276358590564, 0, 0;...
4.141925384276558, 8.472675160421115, 0, 0;...
2.4678733836396307, 10.175457171749336, 0, 0;...
2.5163006052885715, 10.210248339954209, 0, 0;...
2.6007411527986575, 10.169451848849494, 0, 0;...
2.7975767777637617, 11.34391433729483, 0, 0;...
2.8821289945013233, 11.34009276817675, 0, 0;...
2.918365658817423, 11.338454952840426, 0, 0;...
3.0270756517657174, 11.333541506831466, 0, 0;...
3.322329089213372, 13.09523523949947, 0, 0;...
3.33530133113855, 13.390488676947125, 0, 0;...
4.9758711750704645, 20.601392556625598, 0, 0;...
5.096660056124126, 20.595933172171193, 0, 0;...
5.853702972262603, 23.261254293578393, 0, 0;...
7.0832183898538155, 14.367470340446381, 0, 0;...
6.682046690144777, 13.535063103453261, 0, 0;...
9.221832988330563, 18.486526280525503, 0, 0;...
3.7959741175546085, 13.924366845819947, 0, 0;...
3.6506924526077857, 13.819993341205318, 0, 0;...
3.7637575454276617, 15.257101852675195, 0, 0;...
3.7633108685177565, 15.109202164728647, 0, 0;...
4.189794259788117, 8.322591718692806, 0, 0;...
4.153222587789589, 8.213304768069214, 0, 0;...
9.148912982788461, 18.341902223251594, 0, 0];

DonachieDataPenicilin=[1.6770359443685436, 14.742173686656194, 13, 26.153846153846168;...
1.6774662624577397, 10.130290438047606, 7, 8.285714285714286;...
1.6800440683840152, 9.678178241923675, 7, 9.142857142857144;...
1.695160677895131, 13.458244348198726, 10, 16.1;...
1.689013055210262, 11.815513284378135, 6, 5.5;...
1.6973882577748711, 9.251172690323543, 10, 16.8;...
2.075491540616895, 8.242981705219982, 124, 43602.19354838706;...
1.7419398553696694, 13.923128654158798, 5, 4;...
1.8261505526909143, 14.604349959459995, 35, 1739.657142857142;...
1.873918778002453, 17.863506733191713, 4, 2;...
1.9629027126305176, 15.705809135053844, 32, 1443.6875;...
2.0867846485026433, 4.171604788706688, 47, 2788.765957446809;...
2.036600554415302, 16.82048704758303, 8, 9.75;...
2.033810894323821, 9.27552051174651, 6, 5.5;...
2.7284941079265526, 21.950397946940136, 491, 3085908.835030551;...
2.099607168345509, 24.51606263541101, 14, 30.35714285714286;...
2.0990329398529655, 23.20834696314325, 15, 35.19999999999998;...
2.1082690811115725, 13.467392736310554, 11, 19.454545454545443;...
2.1080635569818185, 11.368947815488674, 8, 10;...
2.099808652027103, 9.243793745551205, 6, 6.166666666666666;...
2.100783477486579, 8.8617828087291, 8, 9.75;...
2.102910908124586, 8.609955614443379, 7, 7.42857142857143;...
2.107254659260126, 10.56850037866137, 5, 4;...
2.116774763215438, 10.135594495965567, 6, 5.5;...
2.119810921725068, 6.729328264011958, 13, 28.76923076923077;...
2.127269692630228, 6.901082139488107, 2, 0.5;...
2.1632137888275205, 9.274145385619633, 5, 4;...
2.1733952991820527, 16.828728816591838, 9, 12.88888888888889;...
2.312050969619081, 10.953754096572215, 8, 9.75;...
2.3150791508336246, 9.691374830469016, 9, 12;...
2.3347830696953844, 4.665046167411418, 10, 38;...
2.5197452937431137, 10.060702653914223, 58, 1771.4137931034459;...
2.415824942291012, 4.83482481144237, 3, 1.3333333333333335;...
2.5140459795478094, 10.94389077193787, 49, 579.918367346938;...
2.6353353557082784, 5.269950668996589, 45, 2828.5777777777794;...
2.547410247456944, 14.720196096876421, 18, 80.22222222222221;...
2.5187139670280985, 11.806696299211676, 4, 2;...
2.5191287863725567, 11.341310476664152, 4, 2;...
2.542693488133094, 10.52331843344271, 14, 38.92857142857144;...
2.52008287086481, 10.270923084804846, 4, 2;...
2.52136881083263, 8.828227034907524, 8, 12;...
2.5217421482426428, 8.40937979461475, 8, 12;...
2.524770329457186, 13.551812243992725, 1, 0;...
2.568956886028862, 11.801508568489883, 5, 4;...
2.716197165981053, 12.60005519553513, 27, 235.25925925925927;...
2.6641288882278804, 10.920926330700166, 6, 5.5;...
2.718309364628314, 10.862953529761654, 45, 1417.9111111111115;...
2.706855280707062, 22.764429286129463, 16, 40;...
2.7561125638048267, 21.07019954459017, 33, 225.51515151515133;...
2.728475664940218, 15.588018122902307, 10, 16.1;...
2.717039095613508, 11.339207342587752, 4, 2;...
2.749410287299191, 10.529344620103696, 19, 70.42105263157893;...
2.823191365860332, 11.803460708324906, 8, 12;...
4.569876990119246, 18.335423216757768, 1078, 16959018.108534332;...
3.1511199677642034, 6.302762452853418, 167, 32813.00598802394;...
2.8642916665092386, 8.391778180190705, 10, 15.600000000000001;...
2.936338998688699, 6.748639235821965, 11, 19.454545454545446;...
2.932265807933671, 6.142746517235651, 9, 12.888888888888886;...
2.945962807480126, 13.031186060669203, 11, 19.454545454545443;...
2.9347362875851104, 12.622510096425419, 8, 9.75;...
2.9327658956989353, 8.428281038044986, 6, 5.5;...
2.9835190424933806, 8.419985342521397, 6, 5.666666666666665;...
2.9984110569594264, 11.638715205673378, 9, 12;...
3.075557084545019, 12.621013635640285, 8, 9.75;...
3.0791349013909697, 6.472123677674169, 9, 12;...
3.1546735040167864, 7.122854931519008, 9, 12;...
3.217850490177752, 6.1152674173257076, 11, 19.454545454545446;...
3.3487971052419, 22.348736746951296, 14, 31.57142857142857;...
3.3492196283741826, 14.310930399892982, 10, 16.1;...
3.3520386221193075, 12.612258280776434, 7, 7.428571428571429;...
3.351463801027701, 10.512230756814645, 8, 9.75;...
3.353363673625319, 9.66172603264322, 5, 4;...
3.350675644273231, 7.12658934266749, 8, 9.75;...
3.355367251059053, 17.66161125450855, 10, 16.1;...
3.354180867733902, 13.868765334609531, 6, 5.5;...
3.361709838835816, 11.826824370853146, 8, 9.75;...
3.36516320987843, 7.952487398145006, 8, 9.75;...
3.3922558254058846, 7.5587684946207006, 19, 73.05263157894738;...
3.4070910751195305, 14.287046346497121, 9, 12;...
3.40744367156232, 13.891468397331725, 6, 5.5;...
3.512413706677438, 7.142322403354427, 4, 2;...
3.605285579741153, 29.228634460247545, 47, 4016.9361702127676;...
3.586203154400791, 12.602013526932957, 18, 100.50000000000004;...
